-5.373507690429687500e+01
-3.293868255615234375e+01
-1.589345741271972656e+01
-7.964975781250000000e+04
-2.407585906982421875e+01
-2.395904350280761719e+01
-1.968403244018554688e+01
-4.177803802490234375e+01
-1.873892593383789062e+01
-2.786125946044921875e+01
-1.106030178070068359e+01
-1.862101936340332031e+01
-1.025707721710205078e+01
-1.311151695251464844e+01
-1.603408050537109375e+01
-1.634774971008300781e+01
-1.601388740539550781e+01
-2.917015838623046875e+01
-2.427402687072753906e+01
-3.890094757080078125e+01
-5.124318695068359375e+01
-3.743678283691406250e+01
-2.083499145507812500e+01
-1.460918045043945312e+01
-1.059658718109130859e+01
-5.838950805664062500e+02
-3.775310897827148438e+01
-1.936001205444335938e+01
-1.197711849212646484e+01
-1.173682403564453125e+01
-1.567522430419921875e+01
-3.890892791748046875e+01
-1.605849456787109375e+01
-1.202509765625000000e+02
-3.405367126464843750e+02
-2.120058441162109375e+01
-9.994570922851562500e+01
-4.519533538818359375e+01
-1.476660728454589844e+01
-3.167714233398437500e+02
-4.748316574096679688e+01
-5.037837829589843750e+02
-2.247428512573242188e+01
-1.440889930725097656e+01
-1.596197032928466797e+01
-2.255231857299804688e+01
-1.228131103515625000e+01
-3.432167816162109375e+01
-3.323300933837890625e+01
-2.584131050109863281e+01
-3.773577880859375000e+01
-7.930271148681640625e+01
-1.987499427795410156e+01
-3.204331588745117188e+01
-1.929282989501953125e+02
-5.649531173706054688e+01
-4.673380661010742188e+01
-1.212229156494140625e+01
-1.154383277893066406e+01
-3.290127563476562500e+01
-1.796718597412109375e+01
-4.530408020019531250e+02
-6.406958770751953125e+01
-4.608122253417968750e+01
-1.542459869384765625e+01
-1.335518932342529297e+01
-1.176210784912109375e+01
-1.264099121093750000e+01
-9.909822082519531250e+01
-2.939950180053710938e+01
-2.266674804687500000e+01
-4.102227401733398438e+01
-2.019993019104003906e+01
-2.102750968933105469e+01
-1.876982498168945312e+01
-2.536318969726562500e+01
-8.929081916809082031e+00
-1.881566619873046875e+01
-1.821010398864746094e+01
-5.870338439941406250e+01
-1.572889518737792969e+01
-3.444626617431640625e+01
-4.078987121582031250e+01
-2.521489524841308594e+01
-6.467528533935546875e+01
-3.978993225097656250e+01
-1.629593658447265625e+01
-8.619770812988281250e+01
-6.534914398193359375e+01
-2.061404800415039062e+01
-2.029218673706054688e+01
-1.061475372314453125e+01
-1.138580322265625000e+01
-4.765488433837890625e+01
-2.091673469543457031e+01
-2.097263908386230469e+01
-1.749462127685546875e+01
-4.590726852416992188e+01
-6.332703399658203125e+01
-1.217396736145019531e+01
-4.688963699340820312e+01
-1.268971824645996094e+01
-2.151404953002929688e+01
-9.865399169921875000e+01
-1.722865676879882812e+01
-5.577481842041015625e+01
-1.586511802673339844e+01
-1.287038612365722656e+01
-1.183665466308593750e+01
-1.367018985748291016e+01
-1.642850303649902344e+01
-1.271480178833007812e+01
-9.454103469848632812e+00
-2.690645980834960938e+01
-1.124917507171630859e+01
-1.864700126647949219e+01
-1.160933876037597656e+01
-1.843856430053710938e+01
-1.911880683898925781e+01
-1.324757003784179688e+01
-4.272007751464843750e+01
-4.962662887573242188e+01
-1.428220176696777344e+01
-1.020480632781982422e+01
-2.072020721435546875e+01
-1.227860069274902344e+01
-1.833733749389648438e+01
-3.930319976806640625e+01
-3.249702072143554688e+01
-2.229022789001464844e+01
-3.232429122924804688e+01
-3.731983947753906250e+01
-1.040413284301757812e+01
-6.788330841064453125e+01
-3.815126800537109375e+01
-1.123608398437500000e+01
-2.413230323791503906e+01
-4.497004699707031250e+01
-1.424226379394531250e+01
-1.440896606445312500e+01
-2.759289550781250000e+01
-1.215950584411621094e+01
-1.904520225524902344e+01
-1.685113334655761719e+01
-2.965544700622558594e+01
-5.612799835205078125e+01
-1.621431350708007812e+01
-1.634861373901367188e+01
-2.431223297119140625e+01
-1.462271213531494141e+01
-4.673281097412109375e+01
-3.572568893432617188e+01
-1.265607261657714844e+01
-1.081285629272460938e+02
-1.755346298217773438e+01
-2.614628982543945312e+01
-1.437260818481445312e+01
-1.552115173339843750e+02
-1.455584335327148438e+01
-1.516122817993164062e+01
-2.422123718261718750e+01
-3.072300415039062500e+02
-3.092822456359863281e+01
-2.467641639709472656e+01
-1.303855609893798828e+01
-1.227209281921386719e+01
-2.836920738220214844e+01
-1.720668983459472656e+01
-2.001191520690917969e+01
-1.098328208923339844e+01
-1.393035125732421875e+01
-1.663639450073242188e+01
-2.868389701843261719e+01
-1.389120864868164062e+01
-2.638110733032226562e+01
-1.269662857055664062e+01
-1.218305873870849609e+01
-1.071412181854248047e+01
-2.693291854858398438e+01
-2.622017860412597656e+01
-2.882108688354492188e+01
-2.671941528320312500e+02
-2.313957214355468750e+01
-2.030883026123046875e+01
-2.183943176269531250e+01
-3.088207626342773438e+01
-4.862725448608398438e+01
-1.425322532653808594e+01
-2.555228042602539062e+01
-2.834089851379394531e+01
-2.566912460327148438e+01
-1.232264137268066406e+01
-9.791421890258789062e+00
-1.036359329223632812e+02
-1.331685256958007812e+01
-7.847912597656250000e+01
-4.639022445678710938e+01
-1.716811943054199219e+01
-1.925805854797363281e+01
-1.560160923004150391e+01
-4.096503067016601562e+01
-6.470947265625000000e+01
-1.982918167114257812e+01
-1.543021488189697266e+01
-4.961897659301757812e+01
-2.276380157470703125e+01
-9.116893768310546875e+00
-1.635814285278320312e+01
-9.912329864501953125e+01
-5.666500244140625000e+02
-1.573509407043457031e+01
-4.047786331176757812e+01
-9.684479522705078125e+01
-2.208863067626953125e+01
-1.359195137023925781e+01
-2.064663124084472656e+01
-1.282181167602539062e+01
-2.240674591064453125e+01
-3.253181838989257812e+01
-3.201399230957031250e+01
-2.993557548522949219e+01
-1.640688896179199219e+01
-1.788544845581054688e+01
-3.380063629150390625e+01
-1.635046768188476562e+01
-2.527849578857421875e+01
-3.187967109680175781e+01
-8.737953186035156250e+01
-6.766307830810546875e+01
-9.547855377197265625e+00
-1.841689682006835938e+01
-2.202750396728515625e+01
-1.484583187103271484e+01
-1.893054962158203125e+01
-1.422770023345947266e+01
-1.146107101440429688e+01
-3.958298873901367188e+01
-3.116221809387207031e+01
-1.929925346374511719e+01
-1.934548950195312500e+01
-1.011835670471191406e+01
-1.273015117645263672e+01
-3.451772308349609375e+01
-3.230475997924804688e+01
-1.602299118041992188e+01
-2.868030166625976562e+01
-3.557934570312500000e+01
-1.224619388580322266e+01
-2.311635208129882812e+01
-4.880561828613281250e+01
-1.458347320556640625e+01
-1.219830989837646484e+01
-1.569422054290771484e+01
-1.228348827362060547e+01
-2.241527366638183594e+01
-3.720121002197265625e+01
-1.137615966796875000e+01
-1.583183765411376953e+01
-1.595023727416992188e+01
-2.271391448974609375e+02
-4.926294708251953125e+01
-1.176296615600585938e+01
-1.398198795318603516e+01
-1.692186737060546875e+01
-2.792100143432617188e+01
-1.269522762298583984e+01
-1.482885932922363281e+01
-6.713876342773437500e+01
-3.129506111145019531e+01
-1.062005424499511719e+01
-5.580171203613281250e+01
-3.818392181396484375e+01
-8.492837524414062500e+01
-1.015822029113769531e+01
-1.038463973999023438e+01
-8.771067047119140625e+01
-2.366205978393554688e+01
-2.313189697265625000e+01
-1.286475944519042969e+01
-2.168802642822265625e+01
-1.671192359924316406e+01
-4.281692504882812500e+01
-5.232608032226562500e+01
-1.062983703613281250e+01
-5.726506805419921875e+01
-2.694694709777832031e+01
-3.457861022949218750e+02
-1.497616195678710938e+01
-1.285785961151123047e+01
-1.218922576904296875e+02
-1.101812839508056641e+01
-2.181293106079101562e+01
-9.838558197021484375e+00
-5.654177093505859375e+01
-6.936264038085937500e+01
-2.098147583007812500e+01
-2.309134864807128906e+01
-1.906690025329589844e+01
